16 9 12
163 163 163 163 163 163 163 163 163 163 163 163 163 163 163 163
163 163 163 163 163   4  48  48  48  48  48  48   5 163 163 163
163 163 163 163 163  26  61  61  61  61  61  61  24 163 163 163
163 163 163 163  25  26  61   1   2   2   3  61  24 163 163 163
163   4  48  48  48  49  61  24 163 163 243 268 241 161 242 242
163  26  61  61  61  61  61  24 163 163 243 268 264 265 265 265
163  26  61   1   2   2   2  28 163 163 243 268 268 268 268 268
163  26  61  24  25  25 163 163 163 163 244 219 219 219 219 219
163  26  61  24 163 163 163 163 163  25 242 242 242 242 242 242
Mountain 4 3 183
Mountain 13 4 183
Mountain 4 7 181
Mountain 5 7 183
Mountain 9 8 184
Target 15 6 1 1 20
NormalSpawner 2 8 1 1 3 3 1
NormalTower 4 3 90 205
NormalTower 13 4 90 206
NormalTower 4 7 45 205
NormalTower 5 7 45 205
NormalTower 9 8 45 206