8 9 19
191 191 191 186 186 186 143 163
145 145 145 140 140 141 162 163
168 168 168 163 163 164 162 163
163 163 163 163 163 164 162 163
142 186 186 186 186 187 162 163
164 139 140 140 140 140 166 163
164 162 163 163 163 163 163 163
164 162 163 163 163 163 163 163
164 162 163 163 163 163 163 163
Target 0 0 1 1 20
TurnPoint 0 5 0 4 1 4
TurnPoint 4 4 5 4 5 3
TurnPoint 5 1 5 0 4 0
BigAircraftSpawner 0 7 1 1 50 300 1
Bush 0 4 133
Bush 2 7 131
Bush 3 7 131
Bush 3 8 131
Bush 4 8 131
Bush 4 6 131
Bush 4 7 132
Bush 5 6 132
Bush 7 4 132
Bush 7 2 132
Bush 2 2 132
Rock 6 7 181
Rock 7 3 183
Rock 6 0 136